0
0
0
0
0
0
0
0
0
0
0
0
0
0
0
0
0
0
0
0
0
0
0
0
0
0
0
0
0
0
0
0
0
0
0
0
0
0
0
0
0
0
0
0
0
0
0
0
0
0
0
0
0
0
0
0
0
0
0
0
0
0
0
0.632277
0.63319
0.634566
0.636413
0.638739
0.641558
0.644884
0.648735
0.653132
0.6581
0.663667
0.669866
0.676734
0.684313
0.692652
0.701806
0.711837
0.722815
0.734821
0.747947
0.762298
0.777994
0.795173
1.067
1.06441
1.06157
1.05845
1.05502
1.05125
1.04708
1.04248
1.03739
1.03175
1.02547
1.01846
1.0289
1.04009
1.05209
1.06499
1.86791
1.89891
1.93275
1.94318
1.95458
1.96707
1.98076
1.99578
2.01228
2.03044
2.05045
2.07254
2.09699
2.12411
2.15428
2.18793
2.22024
2.21961
2.21946
2.21985
2.22089
2.22267
2.22534
2.22904
1.84685
1.84659
1.84731
0.658694
0.613123
1.56852
2.53142
3.34786
4.3146
5.27868
4.8702
7.10937
8.08824
9.06732
10.047
11.0277
11.021
11.014
11.0068
11.0066
11.0012
10.9956
10.99
10.9841
12.4006
12.754
12.7717
12.791
12.826
12.8644
13.8074
8.90357
7.84808
7.8149
7.77859
7.73864
7.69442
7.62505
8.12226
8.13756
7.50919
6.58771
5.88311
5.18956
3.65979
2.97791
2.30467
1.6398
0.950968
0.266532
-0.414149
-0.632387
0.520778
0.467804
0.411267
1.142
1.11654
1.09438
1.07277
1.05194
1.03218
0.254017
0.246828
0.242814
0.231898
0.227019
-0.157357
0.869852
0.426966
1.15512
2.15972
3.15852
4.15258
5.14296
6.13063
5.4594
6.50833
7.55906
7.95411
7.93625
7.91229
7.88418
7.83593
7.74799
7.69599
6.4707
5.20436
3.72303
3.60332
3.46973
3.32168
3.22922
3.03732
3.76102
5.02968
7.01799
6.81941
7.00829
8.54305
10.1176
11.422
11.3049
13.4143
14.663
15.5787
16.5032
17.73
20.2888
21.4472
23.1798
22.5288
24.4175
24.2051
22.8462
22.7116
21.5754
21.0972
20.4286
19.6049
18.9284
18.8573
18.8183
19.0023
20.7422
20.6537
21.052
22.6515
22.6056
22.5553
22.4895
20.8562
21.5363
23.6431
23.5384
23.4313
23.2976
23.2352
24.6039
24.5718
26.0062
25.9275
24.7879
24.5123
23.4458
21.9055
23.8452
23.7682
23.3939
23.2684
24.5626
23.0848
22.9892
22.8849
22.7791
22.6718
22.563
21.749
21.6716
22.44
22.2066
22.0121
20.396
20.3549
20.4636
21.7615
21.0842
19.9105
18.5626
19.079
18.7805
21.2843
20.987
21.4841
21.102
23.5168
23.3706
22.4318
22.1424
21.9824
21.8262
21.6717
20.1578
19.9967
19.8324
21.0855
20.443
20.5546
20.6721
20.9169
21.9431
21.9201
21.9119
21.9144
23.85
25.1705
23.9511
23.806
22.87
22.7244
21.9509
21.2305
19.7727
19.6383
20.3097
20.6811
20.2123
18.8591
18.6872
21.2518
21.119
22.1917
20.5448
24.0001
23.6981
23.3695
24.2522
24.1216
23.9997
21.7522
22.5858
22.3022
22.2058
22.1202
19.1409
16.8549
15.7602
16.5303
17.6773
18.9839
19.051
19.0853
18.9556
19.869
19.9114
21.0909
20.1885
21.3605
18.5939
17.3185
17.3156
16.6365
14.0953
11.7759
10.7325
11.0164
8.60099
7.76419
9.18693
9.99737
10.2543
10.1183
10.7083
11.4255
9.92671
12.3419
11.8953
13.3288
15.1738
15.1867
14.7589
15.4675
14.2172
15.1782
14.9378
15.3886
15.3416
14.5324
14.5813
15.5746
16.9245
15.5038
15.4933
16.4283
16.833
16.9925
15.8927
15.9453
16.7498
15.5819
15.5648
15.5514
15.5651
15.5689
15.5648
14.2131
14.3039
13.2262
12.9582
12.8749
9.9117
9.82008
9.90505
9.83703
8.74277
7.18909
5.30031
5.15668
2.2512
0.0648802
-2.29791
-0.628214
-1.7724
-2.42315
-1.40862
-1.47885
-0.0821631
0.282317
0.286493
0.31498
-0.425128
0.762158
-0.489569
-1.02512
-1.56633
-1.44944
-2.21391
-2.9324
-2.03597
-1.15748
-1.41766
-2.91296
-1.22179
-2.19486
-1.67586
-1.16655
1.44647
1.62598
0.256506
0.611104
4.17198
3.32532
3.16094
2.23799
3.39367
3.67643
4.27518
4.30457
1.79086
2.25517
1.94921
4.29555
6.29511
5.71162
6.70877
7.71709
7.27112
6.74244
6.68937
5.80593
5.18086
4.41111
3.71224
4.32501
4.46205
3.16458
2.03602
2.11706
2.9301
4.04828
2.76128
2.83299
3.11045
3.88507
5.17608
8.38177
10.9543
12.5127
12.0583
11.5462
12.4183
13.2832
10.5235
10.3248
11.1105
11.8252
13.4706
14.5661
16.1552
15.4175
16.9104
17.3654
15.6454
16.4222
13.7537
14.6437
12.0754
12.114
12.1644
10.9669
11.807
9.77914
10.9217
14.4529
16.3375
17.4172
15.7225
16.0427
17.1022
17.9481
17.1486
16.2436
18.1456
18.4524
16.9048
18.8182
19.0758
20.5631
20.6865
19.8863
18.6644
17.1715
22.059
20.834
20.7797
22.1741
22.0951
19.3537
19.4141
18.2149
18.3113
17.48
17.5258
19.818
15.3737
15.1716
16.3499
15.2711
12.333
14.6158
15.1938
15.2839
17.543
14.9156
14.8435
12.1507
12.2263
15.024
14.1374
14.2722
12.6723
15.1693
14.0729
17.1878
17.2843
16.2302
15.1056
15.8243
17.0615
16.08
14.9755
14.7081
14.9065
16.0149
15.6491
18.3109
17.1814
19.8384
19.9027
18.0523
16.1526
16.5774
16.7761
15.8338
16.4576
15.1585
13.0268
14.0664
14.407
13.411
12.3581
13.5181
13.5808
14.4218
15.4631
14.1976
13.6616
15.3808
20.921
25.0286
25.642
27.2267
28.1517
31.6652
31.6307
31.8188
30.7382
32.5105
32.5531
31.332
30.4902
29.1944
27.8936
26.2045
23.585
18.7862
17.9989
17.8956
15.611
15.5735
14.7839
13.8629
12.8915
14.6451
13.6909
12.6508
9.90669
9.7995
6.86646
4.60116
3.40029
3.021
3.49916
0.872802
3.63213
1.81604
1.94033
0.746065
-0.0957092
1.87324
-0.0798036
-0.272735
0.761014
1.73786
4.165
1.21997
2.35284
2.69511
2.77377
4.46251
4.82339
6.57721
6.61132
6.42457
4.78802
3.37754
1.99081
3.3718
3.41501
4.34533
5.67709
7.01349
6.05169
4.01576
6.23197
7.38029
8.25301
7.30617
7.4371
7.51124
7.2139
7.3524
7.87589
8.84968
5.17934
4.3557
3.89257
4.331
2.55124
3.08624
-0.254476
-0.252943
0.734768
0.867767
0.908097
-0.94876
-5.51326
-6.58218
-7.69591
-7.18368
-4.32852
-4.93274
-4.99781
-4.71982
-5.97527
-7.41541
-6.40837
-6.56601
-4.94353
-2.68231
-0.262221
0.937666
2.43352
2.51137
-0.22915
1.19989
2.97735
1.86703
3.09239
2.26817
3.74984
4.53638
5.37851
5.81104
5.80814
7.27839
5.71988
4.96385
6.41622
6.58829
6.96948
5.75504
8.33048
6.36837
5.16808
6.41236
7.54559
9.90464
10.2035
10.2496
10.1685
11.2478
13.3068
13.9193
11.2066
11.3599
11.6227
10.0699
10.1669
10.8569
10.9913
11.1442
11.3875
11.529
9.927
9.92091
9.08624
9.245
8.42282
8.9655
9.29304
6.94455
3.56399
3.66131
3.76384
2.98839
2.49276
1.9067
1.97067
0.548852
0.576957
1.80511
1.33156
1.26892
3.10196
3.92139
3.88035
3.74561
4.10504
3.8675
5.65813
5.6196
5.45083
5.90415
6.16139
4.54461
6.29076
7.45938
7.76879
8.43762
7.66862
8.90015
6.26799
6.26899
8.62617
7.57497
7.56791
8.87241
7.95574
5.3949
4.47113
7.04266
7.04289
7.00448
9.63842
11.2159
12.929
15.4359
16.6151
19.3054
18.9787
18.4751
17.1453
16.7989
16.4843
18.2214
19.5785
21.059
19.029
18.2564
19.5965
20.2448
18.584
18.2725
18.6207
13.9438
12.7699
9.86629
7.52042
4.33785
5.14961
3.09749
2.59305
-2.10159
-5.01079
-5.16847
-8.15594
-8.71506
-10.6555
-10.2851
-11.7387
-9.90471
-9.48256
-10.7783
-10.3149
-9.41702
-10.092
-11.573
-11.478
-8.60943
-9.44582
-13.6738
-16.8525
-15.7619
-17.3014
-17.9404
-16.1285
-15.2724
-13.3783
-14.1881
-13.6362
-14.4484
-16.458
-17.4636
-18.5518
-21.7095
-24.8994
-27.1937
-29.8302
-29.2091
-28.7155
-29.0479
-28.9
-31.0417
-30.0708
-36.7047
-37.6672
-37.1738
-35.5823
-36.3783
-37.9416
-41.2011
-41.0567
-42.3833
-39.9812
-38.272
-41.7701
-41.7871
-39.625
-38.0753
-36.5739
-36.236
-33.5125
-32.0036
-32.037
-32.0367
-30.7909
-29.0787
-30.0506
-31.2818
-31.8051
-33.9862
-33.9288
-33.6859
-32.3204
-33.9245
-37.1558
-38.4638
-38.6896
-40.5753
-40.8082
-42.5569
-41.72
-42.5452
-43.8109
-45.6378
-46.3499
-45.1518
-45.2581
-45.3142
-45.3374
-44.4457
-41.9837
-40.031
-38.5787
-38.6809
-40.1417
-39.0278
-41.9594
-43.2335
-41.7705
-43.0967
-41.5641
-39.1836
-39.5421
-42.9898
-42.3967
-38.3241
-37.9514
-41.3779
-42.7073
-40.685
-41.6804
-41.0003
-38.1243
-38.6851
-42.1469
-42.4562
-41.6438
-38.4084
-32.4614
-32.4811
-30.0664
-32.4107
-30.9273
-32.7181
-34.4359
-34.6416
-35.0273
-36.0619
-36.5262
-34.0823
-32.7638
-34.4308
-35.59
-36.0236
-37.5417
-37.2821
-33.1532
-30.8198
-33.0264
-33.0843
-32.6007
-32.9971
-32.7631
-32.5979
-34.1939
-34.2041
-35.5528
-34.2532
-34.6738
-34.9343
-35.1911
-33.8941
-31.4719
-32.1821
-30.5017
-31.1944
-31.3625
-29.4494
-26.5165
-24.0751
-23.6021
-19.4004
-17.4145
-14.6811
-14.8292
-19.8927
-19.6537
-20.2496
-17.938
-20.6638
-18.3864
-17.7589
-18.049
-17.4585
-18.6874
-18.1072
-18.7885
-16.9279
-14.8385
-15.3886
-15.6263
-18.3106
-18.8895
-17.2281
-19.0152
-18.4409
-19.0242
-18.3606
-20.3059
-18.9953
-20.8006
-21.0409
-22.4729
-23.9855
-23.0669
-23.2063
-24.239
-23.7242
-24.1728
-24.4881
-24.6727
-24.1933
-24.5723
-26.0888
-26.5887
-27.8703
-28.5899
-27.7262
-29.6851
-28.168
-27.6199
-24.8157
-24.6808
-23.4767
-21.5326
-23.5772
-25.7656
-25.4753
-24.7873
-26.0332
-28.1449
-25.532
-25.9841
-28.0245
-30.3701
-31.162
-30.4986
-30.1338
-29.7666
-33.5475
-28.312
-25.6639
-22.9806
-20.9217
-24.2343
-30.2076
-31.1887
-31.4082
-31.7948
-31.3918
-31.3236
-32.775
-32.2115
-30.2802
-30.1441
-30.2652
-30.1133
-30.0389
-30.4823
-29.1656
-28.9881
-28.6253
-23.7575
-22.7591
-23.4811
-24.8922
-21.4286
-21.9028
-21.32
-22.3873
-21.0379
-19.8985
-21.3765
-21.4071
-24.5168
-24.4425
-25.561
-25.4305
-24.928
-20.964
-19.9372
-19.8211
-22.5185
-23.9269
-24.4096
-28.1298
-29.4737
-30.1581
-29.5506
-32.3766
-31.347
-32.1255
-31.8076
-30.6075
-28.1303
-27.392
-28.8364
-29.816
-30.4203
-28.8988
-30.0376
-29.1493
-30.8711
-30.8854
-29.4694
-28.1285
-25.7907
-23.2076
-22.8415
-22.3994
-21.1008
-22.7882
-25.3763
-25.4582
-23.5821
-22.8319
-20.4075
-18.1637
-15.0355
-12.7532
-10.9795
-7.03671
-7.81445
-10.8158
-10.137
-7.78991
-8.09503
-10.8534
-11.7204
-11.2311
-11.1782
-11.5549
-13.063
-12.1744
-6.36098
-4.85306
-4.6574
-7.2884
-5.97754
-5.18558
-3.74263
-3.7503
-4.92348
-6.28273
-3.65652
-0.41479
0.0800706
2.21062
4.25438
2.95636
1.28447
-2.29531
0.249774
1.299
2.3903
4.40355
4.87337
3.95049
5.56098
3.08268
4.51028
4.58053
3.37385
-0.351293
1.17255
2.78863
0.620474
1.91745
-0.528358
-0.832597
-1.90002
-0.0642369
1.10661
0.825506
0.631476
-1.85168
-5.12409
-7.59506
-12.7
-14.3949
-18.1248
-21.9217
-24.0916
-23.4569
-24.4825
-24.8734
-23.5615
-22.4972
-21.1081
-23.3775
-25.3179
-26.6598
-25.526
-24.5498
-24.5731
-29.5994
-33.7748
-34.4606
-34.3119
-35.9115
-34.7375
-36.3142
-37.6234
-38.1377
-39.5233
-42.9132
-42.6445
-43.193
-45.3888
-43.2894
-38.3831
-39.1413
-38.161
-35.4714
-31.9815
-29.5145
-29.6351
-29.6783
-26.4075
-29.6182
-28.257
-26.8451
-24.7379
-25.8853
-26.1202
-27.3746
-29.1134
-27.6166
-27.2373
-27.0043
-29.1384
-32.6943
-36.3989
-33.1754
-29.0198
-29.7117
-32.2518
-36.6337
-38.5485
-40.6659
-37.7027
-35.0082
-35.0021
-33.7886
-34.87
-37.427
-39.4876
-34.2511
-32.5736
-32.4167
-31.3531
-30.6488
-29.2831
-30.182
-31.4916
-32.5242
-34.3112
-34.8249
-36.1194
-36.8617
-37.9104
-36.7978
-34.5051
-35.1482
-33.2087
-31.6518
-29.5323
-27.4346
-29.2267
-26.4691
-25.1845
-27.0241
-27.2847
-29.8963
-30.3528
-30.4874
-30.2492
-30.4762
-28.571
-28.9185
-29.3014
-29.9751
-32.8963
-33.6122
-35.6165
-38.8906
-39.5689
-40.7695
-41.6048
-42.7695
-42.9756
-38.619
-39.0253
-37.3478
-36.7205
-37.0883
-42.8763
-40.7918
-39.1469
-37.3872
-37.2853
-37.1382
-37.6459
-37.6021
-40.5133
-38.5413
-38.2336
-39.1534
-38.776
-35.8171
-36.7847
-37.0257
-36.1512
-34.726
-36.0792
-34.4629
-34.3356
-34.3939
-33.6626
-34.4088
-35.1325
-35.5468
-36.6192
-32.3243
-34.241
-38.6033
-39.8386
-40.6034
-43.7223
-45.8964
-48.3671
-48.4582
-49.5613
-49.3832
-49.9302
-48.6729
-49.797
-50.1081
-47.0341
-43.3848
-44.6191
-45.828
-45.9002
-43.2677
-46.3035
-48.7765
-51.0832
-48.1658
-47.2591
-47.4508
-48.489
-49.1255
-47.233
-47.457
-47.5445
-47.971
-49.8159
-54.6019
-57.0445
-55.7346
-54.2119
-54.6233
-58.2624
-59.8839
-58.108
-59.0494
-61.0714
-63.048
-61.5458
-61.4747
-61.0777
-59.4886
-59.0736
-62.6149
-64.8734
-65.3375
-63.9608
-65.4027
-68.4477
-70.2543
-68.8398
-66.4695
-66.441
-65.7493
-62.5086
-61.7997
-66.9258
-66.5162
-66.4756
-69.8308
-71.3286
-70.564
-68.197
-66.2479
-69.0698
-68.7412
-67.5911
-68.0821
-69.2119
-68.2472
-67.8756
-65.6434
-61.8322
-59.4777
-54.6855
-52.5502
-50.6739
-49.3686
-47.7352
-45.7766
-45.0384
-40.8567
-44.2441
-45.8902
-48.6485
-49.6601
-50.4691
-50.5366
-51.3752
-48.6339
-45.9364
-45.9111
-42.672
-40.4424
-40.1261
-41.4811
-38.9197
-38.4258
-39.8309
-40.4229
-40.0922
-35.771
-28.5695
-23.3115
-24.4777
-24.9683
-27.9046
-30.5786
-32.528
-29.0628
-29.2053
-28.7137
-29.9327
-31.7305
-27.3676
-28.8982
-28.6795
-28.276
-29.9635
-26.6356
-23.4786
-23.4774
-23.8187
-19.6024
-20.0386
-22.6044
-29.1849
-29.4935
-32.0785
-36.7153
-37.0456
-33.9022
-31.0112
-28.2541
-31.3016
-32.1387
-31.6726
-31.1888
-30.9313
-25.1353
-17.835
-15.9163
-15.2573
-16.188
-15.2266
-16.1685
-18.524
-17.496
-16.879
-17.0477
-17.6944
-21.2418
-22.9732
-22.8387
-23.5987
-20.5662
-20.3857
-19.9636
-20.1164
-19.7644
-19.936
-22.1091
-22.2359
-22.1792
-23.7278
-17.4733
-15.7743
-14.8528
-17.5257
-21.5427
-23.3442
-26.0909
-26.0401
-26.1818
-26.6256
-22.186
-25.7295
-29.5593
-28.4931
-30.9944
-33.2583
-34.8601
-36.7992
-39.5022
-39.7932
-42.1529
-39.4755
-39.2475
-38.8502
-39.1683
-36.9334
-39.9901
-41.4011
-36.2393
-34.8992
-31.5351
-31.1858
-28.616
-23.5605
-21.3748
-15.096
-9.39414
-9.7635
-10.4017
-9.24861
-9.87522
-9.76997
-7.69618
-9.04386
-8.19268
-5.41559
-2.51924
1.49983
-1.22337
-1.99148
3.39896
2.53385
4.2874
6.75234
7.87682
6.54523
7.16723
13.7395
14.2945
11.98
9.60589
8.1315
5.83594
7.23443
9.05067
8.06624
11.7512
12.7709
13.5095
11.5056
11.8015
11.5793
9.27034
8.72601
7.50992
8.84884
10.5333
11.628
15.3424
14.1282
8.62785
5.50967
4.58379
7.90274
9.0508
10.9937
15.528
16.7195
15.7699
16.0515
15.3643
11.9093
11.026
8.72783
7.85063
6.45063
4.53819
3.42372
2.99371
2.03125
1.18713
1.53855
-1.67474
-1.58982
-2.43656
-4.51146
-6.39335
-9.1915
-9.24604
-13.894
-13.3825
-16.0236
-20.0037
-20.8901
-23.4403
-22.4947
-22.4805
-25.5983
-26.2605
-28.0289
-28.7399
-26.875
-26.8267
-26.6309
-27.5234
-28.6371
-30.5826
-28.5854
-28.8436
-30.0676
-35.1068
-35.36
-35.5845
-34.1328
-34.6367
-32.1255
-32.4694
-33.3979
-37.908
-39.5582
-37.686
-38.9062
-40.2911
-37.4791
-32.9233
-31.8435
-32.7808
-35.2697
-34.6313
-35.7316
-37.5862
-37.3531
-38.3445
-35.0416
-37.3417
-38.5896
-37.5259
-36.2476
-33.9229
-33.6258
-35.616
-33.5582
-33.4023
-34.6006
-36.3651
-37.7619
-36.2295
-31.994
-32.528
-31.1898
-30.0752
-26.3064
-26.4725
-28.0611
-30.3303
-36.9742
-38.407
-36.7639
-33.4238
-35.3984
-37.9215
-38.7349
-39.7722
-39.3541
-40.2241
-36.6892
-35.317
-35.4631
-33.5309
-33.611
-32.4314
-28.5273
-28.1751
-22.6391
-19.2314
-18.6574
-18.4301
-18.3195
-18.4449
-19.4904
-22.2988
-17.9522
-12.8103
-8.11357
-4.08591
0.042377
-0.0158953
0.555755
0.996023
2.3152
4.0363
8.827
13.0719
13.9549
14.2712
14.4268
8.56427
4.92205
-0.0222768
0.149998
-0.971325
-2.88025
0.598627
4.36174
6.24845
4.54144
6.99095
9.2903
9.8445
15.6061
14.777
13.4679
16.7825
15.1366
10.635
8.25666
7.26873
2.34402
-1.52062
-0.877625
-2.876
-6.4018
-6.87724
-3.25005
-6.0936
-4.60189
-4.36892
-4.3679
-5.66867
-7.55725
-10.1606
-9.07293
-9.02501
-9.1611
-10.6657
-12.9863
-14.7711
-16.651
-16.1136
-16.8031
-12.8391
-15.0551
-15.4753
-15.6638
-15.9358
-20.893
-22.9712
-26.3658
-25.4871
-25.2142
-30.1567
-25.572
-24.8307
-19.3998
-18.6954
-19.8409
-18.6582
-20.5959
-22.6985
-19.7387
-15.6275
-15.224
-17.6661
-16.0646
-16.7182
-17.2515
-15.9248
-14.5474
-12.2078
-14.7799
-18.6181
-19.8518
-16.8446
-17.7119
-17.7421
-19.1955
-17.8962
-17.7504
-17.7434
-17.0979
-20.945
-20.9812
-17.6276
-17.9086
-17.2604
-22.0177
-22.8984
-23.4412
-28.2447
-28.8037
-28.6296
-26.3128
-25.3596
-29.2044
-30.6519
-28.4186
-28.8299
-25.904
-23.2812
-23.2482
-22.2538
-22.8018
-19.0273
-19.5995
-17.8651
-16.0807
-19.8584
-16.6421
-15.4133
-12.9839
-10.0021
-10.6756
-8.4098
-10.0347
-9.43316
-10.7214
-11.4462
-10.3225
-10.6978
-10.9692
-10.8583
-15.191
-12.9158
-12.5707
-15.7365
-20.0187
-22.3423
-20.4513
-18.144
-22.7162
-26.0569
-26.5271
-26.7797
-28.3117
-31.9816
-32.823
-35.0262
-39.3159
-44.1106
-45.5014
-45.5461
-46.4978
-49.3356
-51.6054
-53.3778
-54.6917
-56.8245
-55.7991
-58.8273
-65.0444
-71.4768
-72.1106
-73.9688
-70.7003
-70.6458
-70.7233
-69.8197
-66.9995
-64.8381
-63.0759
-58.9717
-60.6948
-59.4202
-58.9225
-63.1136
-60.6446
-58.7877
-61.066
-63.0619
-64.4457
-67.0881
-68.2064
-65.4853
-65.0068
-70.1799
-71.678
-73.4978
-71.7703
-71.2549
-70.7248
-68.253
-69.606
-70.0229
-69.8077
-69.2635
-65.5882
-60.3002
-57.2535
-53.8009
-57.1296
-60.0975
-65.1945
-65.976
-66.1691
-65.4665
-67.8713
-70.5433
-76.2225
-79.0608
-81.2379
-80.3922
-80.4475
-80.4271
-81.6558
-83.1399
-84.1186
-87.1817
-83.6671
-79.8812
-79.6459
-71.4548
-71.2303
-73.3185
-74.152
-72.7555
-72.711
-72.8866
-70.4909
-70.7175
-72.1637
-70.8957
-68.7627
-71.1854
-73.5597
-71.8078
-68.5103
-68.1937
-70.0084
-72.6394
-73.2397
-72.3079
-71.5278
-71.5873
-72.2595
-71.7182
-77.0096
-80.8706
-79.6169
-78.0283
-73.8306
-74.1974
-72.9492
-73.4699
-71.1452
-65.8081
-65.1374
-57.7038
-56.7346
-52.0708
-54.3832
-53.5934
-55.7478
-53.3498
-53.477
-55.3679
-54.4504
-55.9635
-52.307
-46.4987
-46.3167
-43.1786
-42.0934
-41.5858
-36.5339
-35.7201
-37.0699
-33.8041
-23.6957
-29.3808
-34.4919
-35.6561
-28.5198
-26.7516
-29.0909
-25.616
-23.0291
-19.7482
-17.3857
-14.663
-9.34991
-6.27703
-3.11255
-0.316612
-0.384944
-4.61663
-8.56381
-10.2202
-11.3333
-12.046
-14.8077
-14.6394
-20.1514
-22.9139
-25.9589
-31.7313
-37.3244
-41.3568
-41.5116
-42.3333
-43.0684
-42.5447
-42.6747
-44.0727
-42.9887
-45.1007
-44.1266
-43.5839
-44.9488
-50.6529
-50.0748
-52.3419
-57.3011
-57.6801
-51.67
-53.725
-53.7415
-54.8977
-56.3749
-56.4578
-55.4498
-55.9612
-57.6874
-56.0403
-55.2443
-56.7433
-59.5903
-62.1456
-66.2101
-68.1032
-68.5876
-72.132
-72.7842
-68.8067
-62.0958
-62.8007
-63.7859
-66.2972
-68.7888
-68.2289
-67.277
-66.9829
-64.5704
-64.8432
-62.2597
-62.0855
-63.3886
-63.1841
-68.5823
-65.4724
-62.9381
-62.5503
-65.9628
-67.7808
-67.1087
-70.8156
-74.359
-69.9935
-68.2004
-67.9885
-68.833
-71.0914
-70.6532
-68.7017
-74.1011
-72.3272
-72.6194
-68.4064
-68.2086
-66.777
-64.0576
-63.7045
-61.6207
-60.4883
-58.0212
-52.8695
-51.9245
-48.4255
-45.1691
-43.6753
-44.5762
-41.3763
-42.3339
-39.5803
-33.642
-31.7216
-25.9808
-24.2994
-29.5301
-29.075
-32.4588
-32.3941
-26.3787
-24.3856
-20.7081
-18.0142
-11.9757
-12.8614
-17.258
-16.8532
-16.7851
-16.0921
-11.1058
-9.1051
-5.77994
-0.59204
1.93078
4.9177
6.72132
5.07846
1.88289
0.216914
-0.00997468
-0.732831
0.479144
8.15251
11.5122
10.9182
16.1758
14.1455
20.7731
26.2246
28.817
24.9344
24.0797
19.8858
18.5047
19.422
22.9223
22.1669
20.8276
20.0598
22.1865
20.0252
20.9815
22.0831
20.2035
20.2519
19.6615
24.159
23.5028
24.3935
20.1365
19.545
21.6121
23.1864
28.9969
28.4277
24.1361
28.8521
30.9937
33.5658
32.762
35.7529
38.0839
38.1232
38.9047
36.8999
36.6566
34.9936
36.0718
31.5786
30.674
35.1133
37.7229
39.5863
39.1807
40.6512
39.639
37.0646
36.1098
39.1085
44.4221
46.887
47.306
50.5925
50.0133
46.9038
44.4055
44.346
43.5307
40.476
37.7857
32.224
26.1188
23.599
16.3302
17.2065
17.8484
18.8366
22.3486
22.0858
24.1227
25.116
27.5823
33.0048
33.33
34.9741
36.1296
39.7497
39.2607
43.376
44.7148
45.04
43.3386
42.3037
41.9137
44.2483
45.7485
49.1397
48.2697
48.0963
46.6456
44.9412
41.854
40.1901
38.6385
35.3343
35.7555
35.8287
36.598
37.475
41.5301
48.1567
47.5425
43.9123
42.9717
44.2126
38.8822
40.3199
40.7031
37.935
34.9046
34.6426
34.4864
35.0726
35.3386
37.0799
43.4087
44.4819
49.3543
55.0803
57.0531
59.4559
63.9587
63.7589
64.9735
67.8095
69.2739
66.7599
67.6598
62.2697
61.5397
63.5706
61.4101
57.4421
54.0371
53.9659
56.9962
59.6075
63.7728
61.3175
60.9996
58.5378
57.1624
53.494
49.2486
43.9802
46.6189
50.3495
48.7787
51.3545
51.6934
55.4441
55.8509
52.5925
47.3228
46.0354
48.1409
50.3201
52.4468
55.1313
55.6046
58.2645
51.8002
52.7673
47.3688
50.0041
53.5946
47.8848
48.7394
48.88
45.6331
44.8205
41.3251
39.0433
37.0263
40.8834
36.4171
32.5157
34.5853
36.9634
40.0862
41.3389
41.067
39.9852
38.2987
44.2733
45.5855
44.4132
47.5123
50.8545
50.6507
48.1931
49.2649
47.0305
46.8522
46.2707
46.2556
49.0391
49.7347
50.188
53.8414
55.46
55.4704
54.6805
54.944
57.4062
58.8328
65.8705
70.7553
69.2204
70.0121
68.8413
64.9075
63.4227
62.6138
65.6718
68.7026
66.2465
67.2997
63.4563
61.5587
60.2981
65.0982
64.3632
67.4597
70.8276
70.4179
66.5586
67.1786
65.5791
66.2893
75.7929
78.7123
75.6464
77.4736
84.5199
85.05
85.506
89.1265
81.6232
78.9448
77.69
81.0014
82.1579
84.2528
85.1893
79.9928
76.2397
84.2003
90.6575
91.5304
87.4397
88.303
87.4329
87.0055
82.1176
84.1414
92.5655
88.9318
90.1942
90.1682
90.6147
96.7611
100.349
98.6015
100.393
102.453
102.261
110.008
111.759
108.293
109.771
112.166
108.771
107.532
109.873
110.391
118.748
120.796
119.549
118.401
120.388
118.838
118.755
121.454
127.352
132.78
133.197
136.219
141.245
145.444
150.152
145.421
144.265
146.6
142.905
143.702
142.803
139.741
132.714
129.485
120.548
117.206
120.45
125.934
125.151
125.134
125.786
121.564
123.568
128.34
129.242
131.879
135.666
136.617
135.741
134.673
133.864
134.931
134.963
133.817
133.409
134.24
137.223
135.546
130.359
123.876
127.124
126.437
121.011
123.486
128.013
128.115
128.975
130.63
130.151
131.825
128.049
132.045
134.445
146.939
147.604
147.732
152.906
153.024
155.979
162.217
161.066
161.605
163.903
165.963
165.195
165.481
167.158
163.358
163.997
161.991
160.327
159.356
161.671
170.171
171.646
169.553
169.758
166.294
164.712
166.313
168.533
168.13
164.511
160.335
158.278
161.481
154.524
152.687
148.012
149.012
148.227
146.152
145.919
143.082
142.875
135.485
139.857
141.116
142.075
146.711
143.144
140.5
137.846
136.281
132.095
132.349
135.519
131.077
130.57
135.603
141.749
136.653
131.631
131.07
124.044
121.807
122.186
121.766
118.842
117.468
116.148
105.823
103.465
105.929
111.951
120.439
126.566
128.443
125.921
119.781
119.231
114.545
109.842
111.533
112.028
116.733
123.775
128.504
125.073
124.757
126.98
126.864
127.922
131.921
140.113
145.066
151.119
152.086
151.045
149.856
153.849
158.091
159.62
160.708
162.493
166.77
166.245
173.707
174.74
183.488
190.706
188.251
188.682
193.266
199.259
198.465
198.378
201.156
202.272
203.686
207.86
204.014
205.24
208.205
210.546
216.522
221.669
218.224
220.247
226.507
233.02
235.437
237.55
242.756
248.212
253.378
258.111
257.583
261.553
260.763
265.776
265.562
267.298
270.3
270.021
267.57
271.077
274.939
275.143
278.381
282.885
288.61
291.187
291.594
296.145
296.083
291.536
294.38
298.614
305.989
308.457
300.369
297.351
303.145
301.669
298.44
294.633
294.752
295.87
291.48
288.273
288.297
290.168
288.292
287.006
287.822
290.914
292.664
292.758
293.914
294.153
298.929
300.549
300.521
298.479
295.274
297.021
290.253
290.058
288.36
285.876
284.14
286.253
288.578
287.912
289.201
293.769
287.995
291.366
292.254
296.542
294.843
294.024
294.6
300.434
304.757
302.407
306.516
311.003
313.809
323.103
322.275
328.998
330.111
328.198
324.996
321.687
316.977
317.668
320.751
324.166
326.199
327.829
324.4
319.563
318.356
318.051
318.893
317.713
314.057
311.189
312.788
318.825
320.302
317.66
324.406
326.351
325.86
322.802
323.648
323.977
323.808
324.121
319.288
324.713
319.798
315.542
313.424
315.128
317.961
313.078
315.059
307.187
303.099
302.766
296.761
293.972
290.015
289.953
286.456
287.658
290.252
296.832
301.756
301.912
300.241
303.092
311.202
310.265
306.867
305.296
309.687
311.032
314.599
314.954
316.491
319.188
314.6
316.092
313.717
312.598
310.964
309.61
311.995
310.482
308.996
309.474
312.823
321.556
325.244
330.651
333.55
335.297
336.922
340.487
341.241
344.852
342.118
346.092
348.721
348.61
348.848
351.622
355.203
358.434
359.028
361.156
366.78
369.641
371.734
367.913
367.906
372.391
374.591
378.706
384.424
389.099
392.763
390.619
391.338
391.709
388.744
390.067
389.057
393.417
399.391
401.231
399.26
391.496
391.826
396.151
399.985
404.975
400.487
399.68
397.916
400.783
403.097
402.631
404.422
409.984
406.35
398.074
393.869
391.05
387.932
386.442
382.148
378.286
376.624
380.224
382.928
379.42
371.577
369.471
365.482
366.184
370.615
374.069
376.666
377.336
373.032
373.209
367.129
364.006
359.374
355.178
353.19
345.971
347.377
357.107
358.511
356.968
358.629
363.661
364.935
367.106
368.294
368.835
365.429
368.215
370.627
374.586
372.602
374.348
375.125
378.699
377.643
376.901
378.49
383.581
389.525
394.954
398.839
392.071
385.747
382.534
382.256
387.639
386.921
384.583
383.786
391.246
394.04
400.309
397.644
394.45
390.378
393.163
396.425
392.813
392.302
392.314
390.323
390.35
393.334
391.947
389.367
390.45
392.024
387.639
386.372
385.03
383.424
377.651
377.408
382.039
384.557
379.649
379.209
371.182
367.157
368.349
365.005
362.316
357.565
352.349
354.361
354.997
355.034
356.56
354.328
354.486
350.611
347.956
346.262
340.351
335.848
340.304
339.544
338.572
337.652
336.301
339.368
344.989
341.504
345.695
347.553
341.954
339.413
335.943
332.731
335.478
335.657
334.052
331.292
326.862
328.097
328.28
328.386
331.547
329.779
329.855
328.135
333.4
335.611
335.383
333.34
329.668
325.312
327.112
327.517
331.083
336.526
339.896
344.102
350.913
355.564
361.423
359.083
359.419
361.145
364.174
362.809
367.931
366.522
364.26
364.831
359.504
353.614
354.237
355.476
356.922
349.669
343.542
340.424
338.185
339.471
339.657
339.314
339.038
339.579
342.331
342.611
340.297
341.887
339.586
336.899
338.91
335.739
332.619
330.847
327.423
326.591
324.257
323.627
324.645
326.926
326.924
325.915
327.082
329.023
327.604
324.125
323.095
329.966
333.518
333.208
335.056
334.065
338.556
340.583
336.838
338.977
338.796
343.252
341.299
340.532
346.822
351.035
346.805
346.756
349.237
346.399
346.825
345.251
347.649
347.123
348.995
345.631
345.615
350.244
350.843
349.639
349.431
348.699
350.237
351.861
354.26
354.029
355.391
355.306
354.436
353.363
348.807
347.438
340.837
340.953
344.38
347.322
349.016
352.103
350.779
350.16
352.014
352.19
345.993
347.082
345.598
346.789
343.331
345.926
343.162
346.644
350.12
352.686
352.504
354.151
356.496
354.86
351.94
355.542
362.312
359.274
364.09
363.96
367.908
371.599
369.928
366.886
363.029
355.432
350.026
351.1
352.59
350.754
350.741
349.612
347.894
346.545
350.68
349.534
349.393
348.771
348.286
346.032
342.346
337.944
332.046
328.065
327.405
330.587
330.798
329.138
327.945
333.293
337.21
338.403
336.358
339.703
339.116
341.606
342.315
341.735
339.628
342.556
338.376
340.892
345.382
347.5
351.201
351.303
357.36
354.552
354.965
358.161
359.544
364.488
369.12
371.161
372.182
372.94
377.011
387.171
390.681
391.725
394.129
396.793
400.616
401.661
405.857
408.917
406.269
403.792
403.128
404.352
408.885
413.233
416.613
421.377
428.01
426.283
426.926
428.656
430.761
432.182
434.142
442.298
441.807
445.021
445.76
447.133
449.195
447.028
449.603
449.783
455.2
453.385
457.549
463.926
466.169
468.893
475.414
471.351
464.877
470.906
472.833
476.546
475.991
475.368
474.473
468.608
470.457
478.021
479.593
481.235
479.238
479.368
476.745
477.346
479.15
480.138
482.68
483.544
480.439
485.602
487.964
487.36
487.137
484.068
482.567
480.683
479.438
476.826
478.711
475.053
477.439
476.215
472.998
470.351
467.679
466.622
463.409
461.975
463.112
467.903
467.858
468.138
469.706
471.162
472.293
470.562
463.211
460.675
459.163
459.097
457.048
463.278
465.045
461.039
462.083
460.702
459.707
461.835
462.667
463.071
464.291
465.087
467.274
471.988
467.756
466.604
469.015
465.267
467.605
460.606
460.364
466.939
468.268
465.454
461.69
462.595
450.973
440.335
440.764
434.86
432.219
426.262
423.033
429.175
432.712
430.621
427.216
427.614
428.581
428.597
432.694
430.303
429.994
426.538
426.425
423.809
425.703
423.066
419.866
417.912
411.477
410.296
411.091
411.315
409.295
408.28
403.303
398.722
395.437
387.778
382.24
384.472
389.859
397.03
